50.912	18.466	28.201
48.98	21.694	27.501
50.607	25.122	27.718
49.41	27.975	29.896
47.547	29.555	26.975
46	26.273	25.918
44.759	25.846	29.49
43.381	29.381	29.532
41.517	28.984	26.26
40.104	25.608	27.264
38.871	27.096	30.538
37.395	30.033	28.66
35.212	28.146	26.173
34.136	25.838	28.947
32.955	28.831	30.957
30.55	29.665	28.126
29.145	26.177	27.823
28.999	25.411	31.518
25.355	25.172	32.482
24.526	23.149	29.387
26.125	19.786	30.091
22.733	18.076	29.953
21.779	19.727	26.655
25.092	19.695	24.768
26.247	16.26	25.921
22.988	14.836	24.633
23.568	16.625	21.326
27.139	15.574	20.716
26.181	11.964	21.444
23.276	12.005	19.037
25.44	13.551	16.329
28.065	10.864	16.946
25.614	7.993	16.53
24.145	9.714	13.494
27.371	10.461	11.602
29.527	7.602	12.947
26.841	4.863	13.276
29.361	2.112	13.936
29.977	3.713	17.317
26.54	2.348	18.272
28.198	-1.03	18.762
29.276	0.139	22.213
25.748	0.842	23.474
23.552	-2.184	22.7
21.825	-1.486	25.979
20.939	2.074	25.053
17.686	3.743	24.012
19.059	5.44	20.875
15.845	7.144	19.688
16.49	10.887	19.373
16.188	12.703	22.694
16.139	9.533	24.811
16.474	9.809	28.595
19.499	7.543	28.469
21.321	9.684	25.914
20.507	12.789	27.962
21.661	11.248	31.204
24.847	9.95	29.634
25.373	13.145	27.667
25.334	15.081	30.913
27.821	12.614	32.459
30.255	12.849	29.59
30.643	16.623	29.573
30.448	16.647	33.379
33.683	14.641	33.24
35.36	16.831	30.616
34.518	19.721	32.925
35.969	17.857	35.864
39.153	17.468	33.807
39.323	21.2	33.219
39.268	21.889	36.958
42.265	19.586	37.246
43.681	20.497	33.849
47.083	20.039	35.48
46.608	16.34	36.222
44.142	15.007	33.635
45.496	11.497	34.204
44.865	11.557	37.942
41.522	13.235	37.368
40.399	10.484	35
42.411	7.471	36.137
39.208	5.646	37.086
37.745	6.256	33.626
40.813	5.118	31.706
40.446	1.771	33.465
36.883	1.591	32.324
37.49	2.627	28.694
40.8	0.794	28.276
40.916	-2.386	30.411
37.16	-3.014	30.543
35.324	-1.819	27.384
38.508	-1.91	25.227
37.351	1.169	23.298
39.102	1.555	19.972
41.205	4.744	20.209
39.745	5.708	16.832
36.264	6.461	18.282
37.619	9.117	20.609
38.221	11.16	17.479
34.543	10.885	16.443
33.326	12.097	19.83
35.678	15.073	20.044
34.657	16.039	16.518
30.981	16.083	17.259
31.631	18.016	20.459
33.323	20.817	18.472
30.371	20.772	16.088
27.987	21.305	19.014
29.978	24.21	20.453
30.219	25.755	16.941
26.45	25.723	16.55
25.653	27.324	19.929
28.63	29.555	20.699
30.263	30.337	17.322
31.845	33.416	18.857
33.273	31.406	21.727
34.969	29.019	19.306
37.542	31.279	17.687
40.265	29.452	15.728
42.725	29.922	18.587
40.499	28.171	21.07
39.779	25.517	18.41
43.417	24.531	18.511
43.61	24.586	22.332
40.484	22.444	22.517
41.884	19.996	20.01
45.056	19.445	22.03
42.902	19.039	25.129
40.809	16.274	23.578
43.751	14.333	22.091
45.272	14.531	25.612
42.078	13.324	27.23
41.474	10.565	24.704
45.111	9.547	25.132
44.708	9.044	28.889
41.337	7.288	28.448
42.927	4.535	26.353
46.444	5.461	27.434
46.67	2.474	29.747
48.704	1.484	26.661
51.177	4.358	27.45