5.897	-18.591	-3.453
9.672	-19.063	-2.714
11.746	-20.737	-5.453
14.664	-23.106	-4.869
17.057	-20.292	-5.767
15.69	-17.852	-3.13
15.843	-20.686	-0.552
19.545	-21.676	-1.023
20.215	-17.99	-0.64
18.147	-17.297	2.499
19.518	-20.465	4.218
22.894	-18.964	3.247
22.528	-15.456	4.743
21.154	-16.797	8.054
24.18	-19.032	8.626
26.374	-15.968	8.05
24.411	-13.6	10.358
23.743	-16.515	12.765
25.314	-15.7	16.122
24.456	-12.011	15.676
20.701	-12.483	15.115
19.904	-11.483	18.656
21.827	-8.19	18.628
20.263	-7.271	15.261
16.865	-8.021	16.851
17.476	-5.519	19.652
18.676	-2.819	17.207
15.84	-3.473	14.777
13.013	-2.583	17.203
15.036	0.367	18.522
15.356	1.853	15.042
11.625	1.13	14.458
10.619	3.063	17.606
12.777	6.04	16.62
11.898	6.22	12.919
8.252	5.171	13.256
7.099	6.527	16.708
3.623	5.188	16.056
4.788	1.608	16.562
5.073	2.414	20.345
1.241	2.393	20.648
1.524	-1.427	20.784
4.174	-1.642	23.5
2.808	0.647	26.331
3.867	-1.718	29.107
7.549	-1.433	28.022
10.31	0.985	28.876
11.046	2.284	25.358
13.915	4.699	26.025
17.147	4.114	23.978
18.964	1.417	25.9
16.106	-0.549	27.564
16.622	-4.186	28.608
12.991	-4.976	27.857
13.75	-3.812	24.277
16.922	-5.989	24.38
14.883	-8.844	25.844
12.2	-8.422	23.235
14.563	-8.264	20.208
16.08	-11.597	21.266
12.738	-13.303	20.646
11.887	-11.464	17.374
15.282	-12.751	16.031
14.148	-16.141	17.436
11.123	-16.485	15.136
13.187	-15.279	12.151
16.005	-17.797	12.675
13.373	-20.458	13.17
11.281	-19.597	10.141
14.549	-19.95	8.16
15.178	-23.499	9.586
11.784	-24.573	8.243
11.585	-22.541	5.032
9.461	-25.274	3.373
6.782	-25.05	6.15
6.91	-21.436	7.536
3.201	-21.468	8.607
3.424	-24.458	11.045
6.748	-23.106	12.288
5.159	-19.781	13.261
1.551	-20.894	13.922
1.166	-19.649	17.52
2.584	-16.214	16.635
-0.175	-15.595	14.035
-2.896	-15.443	16.75
-0.955	-13.155	19.037
-0.508	-10.568	16.237
-3.811	-10.894	14.309
-6.342	-12.28	16.848
-5.274	-10.807	20.211
-3.16	-7.671	19.59
-4.791	-6.706	16.313
-1.682	-5.211	14.545
-2.068	-2.884	11.458
-0.489	-4.94	8.561
1.428	-1.908	7.22
3.493	-2.496	10.323
5.188	-5.661	9.114
6.869	-3.73	6.253
8.249	-1.164	8.694
10.059	-3.704	10.932
11.356	-5.687	7.971
12.601	-2.449	6.426
14.425	-1.667	9.7
15.729	-5.195	9.751
17.429	-4.761	6.307
18.973	-1.42	7.447
20.739	-3.27	10.31
22.145	-6.132	8.181
23.4	-3.536	5.658
25.106	-1.642	8.518
26.965	-4.58	10.084
27.417	-6.699	6.922
27.46	-4.516	3.747
28.666	-7.393	1.623
26.141	-10.114	2.538
23.413	-7.784	1.176
24.241	-7.843	-2.565
21.409	-6.738	-4.867
20.292	-10.457	-5.25
20.408	-11.36	-1.526
18.457	-8.159	-0.98
15.891	-9.709	-3.316
15.671	-13.16	-1.689
15.627	-11.622	1.786
12.982	-9.179	0.836
10.551	-11.856	-0.313
11.403	-14.102	2.702
10.63	-11.18	5.139
7.201	-10.535	3.696
6.344	-14.167	3.424
6.984	-14.121	7.18
4.682	-11.04	7.488
2.002	-12.958	5.628
1.972	-15.885	8.025
1.621	-13.4	10.911
-1.266	-11.539	9.305
-2.926	-14.715	7.955
-6.216	-14.738	9.891
-7.228	-11.374	8.289
-7.657	-13.547	5.1
